+---------------------------------------------------------------------------------------+
|         QUADTREE DECOMPOSITION | 10 Different Maps | Problem Size (100 x 100)         |
+-----------+--------------------------+----------------------+-------------------------+
| # Objects | Decomposition Resolution | Average Path Lengths | Average Times (Seconds) |
+-----------+--------------------------+----------------------+-------------------------+
|     10    |           1.0            |        56.547        |          1.373          |
|     10    |           3.0            |        56.484        |          0.383          |
|     10    |           5.0            |        53.868        |          0.105          |
|     20    |           1.0            |        66.654        |          2.885          |
|     20    |           3.0            |        65.918        |          0.720          |
|     20    |           5.0            |        60.723        |          0.167          |
|     40    |           1.0            |        52.147        |          6.330          |
|     40    |           3.0            |        51.220        |          1.525          |
|     40    |           5.0            |        50.343        |          0.304          |
|     60    |           1.0            |        63.082        |          9.791          |
|     60    |           3.0            |        62.747        |          2.467          |
|     60    |           5.0            |        61.443        |          0.462          |
+-----------+--------------------------+----------------------+-------------------------+

+-------------------------------------------------------------------------------+
|  RAPIDLY EXPLORING RANDOM TREE | 10 Different Maps | Problem Size (100 x 100) |
+---------------+---------------+------------------+----------------------------+
|   # Objects   |   Step Size   |   Path Length    |     Run-time (Seconds)     |
+---------------+---------------+------------------+----------------------------+
|       10      |       1       |      64.846      |           0.460            |
|       10      |       3       |      71.498      |           0.127            |
|       10      |       5       |      66.620      |           0.051            |
|       20      |       1       |       nan        |           1.098            |
|       20      |       3       |      90.252      |           0.442            |
|       20      |       5       |      92.497      |           0.301            |
|       40      |       1       |      73.520      |           1.332            |
|       40      |       3       |      74.817      |           0.330            |
|       40      |       5       |      66.315      |           0.190            |
|       60      |       1       |      89.889      |           2.986            |
|       60      |       3       |      90.731      |           1.460            |
|       60      |       5       |      86.373      |           0.596            |
+---------------+---------------+------------------+----------------------------+